1 0.58828125 0.484375 0.0765625 0.21328125
0 0.634375 0.51796875 0.02578125 0.0578125
1 0.73359375 0.60859375 0.06875 0.2765625
1 0.68359375 0.76328125 0.07421875 0.27109375
1 0.5796875 0.59375 0.0703125 0.228125
1 0.54296875 0.38046875 0.0671875 0.21328125
1 0.5671875 0.41640625 0.04765625 0.2015625
1 0.3328125 0.52109375 0.07734375 0.20703125
1 0.38515625 0.39140625 0.06640625 0.221875
1 0.4484375 0.375 0.07890625 0.20703125
1 0.30703125 0.6546875 0.0921875 0.20625
1 0.70703125 0.36796875 0.05625 0.19765625